8.097333333333102401e-02
9.164444444444136417e-02
1.029222222222192784e-01
1.212355555555516967e-01
1.457999999999951279e-01
1.816022222222166693e-01
2.512155555555492525e-01
3.919177777777702598e-01
6.573222222222264710e-01
8.647266666666312274e-01
9.396266666665974432e-01
9.656866666665868681e-01
9.801222222221430691e-01
9.881088888888217570e-01
9.924733333332825813e-01
9.951266666666284122e-01
9.969333333333082470e-01
9.980555555555378211e-01
9.986488888888763737e-01
9.990444444444357419e-01
